1.300000000000000000e+01 9.000000000000000000e+01 2.274849563837051392e-01
1.400000000000000000e+01 8.000000000000000000e+00 7.004702687263488770e-01
1.500000000000000000e+01 7.000000000000000000e+01 3.044283688068389893e-01
1.600000000000000000e+01 1.390000000000000000e+02 1.546556711196899414e+00
1.600000000000000000e+01 2.100000000000000000e+01 2.658648788928985596e-01
1.600000000000000000e+01 1.170000000000000000e+02 2.475406825542449951e-01
2.400000000000000000e+01 1.440000000000000000e+02 1.393659710884094238e+00
2.400000000000000000e+01 3.400000000000000000e+01 5.329279899597167969e-01
2.500000000000000000e+01 9.200000000000000000e+01 4.242573380470275879e-01
2.700000000000000000e+01 8.400000000000000000e+01 7.071008086204528809e-01
2.800000000000000000e+01 9.000000000000000000e+00 6.891964673995971680e-01
3.000000000000000000e+01 7.000000000000000000e+01 1.696861267089843750e+00
3.000000000000000000e+01 5.400000000000000000e+01 1.091597914695739746e+00
3.500000000000000000e+01 1.020000000000000000e+02 1.208101153373718262e+00
3.800000000000000000e+01 4.600000000000000000e+01 1.255465865135192871e+00
3.800000000000000000e+01 3.500000000000000000e+01 4.904138445854187012e-01
4.000000000000000000e+01 9.300000000000000000e+01 3.258784055709838867e+00
4.000000000000000000e+01 1.000000000000000000e+01 2.590818643569946289e+00
4.100000000000000000e+01 6.900000000000000000e+01 4.041294574737548828e+00
4.700000000000000000e+01 1.140000000000000000e+02 8.979470133781433105e-01
4.700000000000000000e+01 9.000000000000000000e+00 1.373703360557556152e+00
4.900000000000000000e+01 1.900000000000000000e+01 1.272032380104064941e+00
4.900000000000000000e+01 7.500000000000000000e+01 2.981911659240722656e+00
5.100000000000000000e+01 1.520000000000000000e+02 8.584574699401855469e+00
5.500000000000000000e+01 9.300000000000000000e+01 3.455671310424804688e+00
5.700000000000000000e+01 5.500000000000000000e+01 1.610718846321105957e+00
5.700000000000000000e+01 6.900000000000000000e+01 1.025125598907470703e+01
5.800000000000000000e+01 1.350000000000000000e+02 1.599601060152053833e-01
5.800000000000000000e+01 1.030000000000000000e+02 2.008589029312133789e+00
6.500000000000000000e+01 3.100000000000000000e+01 2.004760503768920898e+00
6.700000000000000000e+01 6.900000000000000000e+01 3.458385944366455078e+00
6.800000000000000000e+01 1.560000000000000000e+02 3.322456479072570801e-01
7.100000000000000000e+01 2.500000000000000000e+01 1.231731176376342773e+00
7.100000000000000000e+01 1.220000000000000000e+02 4.784881770610809326e-01
7.200000000000000000e+01 1.120000000000000000e+02 1.081570029258728027e+00
7.600000000000000000e+01 1.800000000000000000e+01 2.383478581905364990e-01
7.900000000000000000e+01 6.100000000000000000e+01 1.837361097335815430e+00
8.100000000000000000e+01 1.560000000000000000e+02 6.343104839324951172e-01
8.200000000000000000e+01 3.800000000000000000e+01 1.461888194084167480e+00
8.500000000000000000e+01 4.900000000000000000e+01 1.102291703224182129e+00
8.600000000000000000e+01 1.290000000000000000e+02 1.523180246353149414e+00
8.700000000000000000e+01 1.020000000000000000e+02 4.812489986419677734e+00
8.900000000000000000e+01 8.600000000000000000e+01 5.366655826568603516e+00
9.000000000000000000e+01 1.580000000000000000e+02 5.513235926628112793e-01
9.200000000000000000e+01 2.000000000000000000e+01 6.994532346725463867e-01
9.400000000000000000e+01 6.500000000000000000e+01 2.737337112426757812e+00
9.500000000000000000e+01 1.010000000000000000e+02 4.838582038879394531e+00
9.700000000000000000e+01 1.300000000000000000e+02 1.430825352668762207e+00
1.020000000000000000e+02 8.400000000000000000e+01 2.373909950256347656e+00
1.120000000000000000e+02 1.320000000000000000e+02 2.853400409221649170e-01
1.130000000000000000e+02 5.000000000000000000e+01 1.807149887084960938e+00
1.150000000000000000e+02 7.500000000000000000e+01 3.229028463363647461e+00
1.170000000000000000e+02 6.200000000000000000e+01 3.606769323348999023e+00
1.190000000000000000e+02 1.470000000000000000e+02 1.400564704090356827e-02
1.220000000000000000e+02 1.110000000000000000e+02 2.253197669982910156e+00
1.250000000000000000e+02 1.580000000000000000e+02 0.000000000000000000e+00
1.320000000000000000e+02 9.400000000000000000e+01 4.779808521270751953e+00
1.360000000000000000e+02 2.300000000000000000e+01 1.043190598487854004e+00
1.360000000000000000e+02 6.100000000000000000e+01 3.921849489212036133e+00
1.380000000000000000e+02 1.370000000000000000e+02 2.407963573932647705e-02
1.400000000000000000e+02 1.060000000000000000e+02 2.383363962173461914e+00
1.440000000000000000e+02 1.160000000000000000e+02 6.066862344741821289e-01
1.440000000000000000e+02 3.900000000000000000e+01 3.314912796020507812e+00
1.530000000000000000e+02 1.180000000000000000e+02 6.229841336607933044e-02
1.570000000000000000e+02 1.100000000000000000e+01 1.064852103590965271e-01
1.580000000000000000e+02 1.500000000000000000e+02 0.000000000000000000e+00
1.620000000000000000e+02 9.300000000000000000e+01 2.567948341369628906e+00
1.620000000000000000e+02 8.700000000000000000e+01 2.151269435882568359e+00
1.670000000000000000e+02 1.600000000000000000e+01 1.726790070533752441e+00
1.670000000000000000e+02 1.220000000000000000e+02 2.958078384399414062e-01
1.700000000000000000e+02 4.100000000000000000e+01 1.109011292457580566e+00
