0.000000000000000000e+00 1.380000000000000000e+02 2.000000000000000000e+01 1.110000000000000000e+02 4.196337636642555324e-01
1.200000000000000000e+01 1.600000000000000000e+01 2.000000000000000000e+00 3.000000000000000000e+01 1.095331162214279175e-01
1.200000000000000000e+01 1.600000000000000000e+01 1.200000000000000000e+01 0.000000000000000000e+00 8.348230474135455159e-01
1.800000000000000000e+01 1.500000000000000000e+02 9.000000000000000000e+00 1.510000000000000000e+02 5.776826739311218262e-01
1.800000000000000000e+01 1.500000000000000000e+02 2.000000000000000000e+01 1.580000000000000000e+02 8.106727004051208496e-01
1.800000000000000000e+01 1.500000000000000000e+02 3.500000000000000000e+01 1.520000000000000000e+02 1.116446018218994141e+00
2.000000000000000000e+01 1.110000000000000000e+02 4.000000000000000000e+01 1.250000000000000000e+02 4.961938858032226562e-01
4.100000000000000000e+01 7.200000000000000000e+01 2.600000000000000000e+01 6.400000000000000000e+01 2.384823799133300781e+00
4.100000000000000000e+01 7.200000000000000000e+01 3.900000000000000000e+01 6.900000000000000000e+01 3.455093860626220703e+00
5.800000000000000000e+01 1.350000000000000000e+02 5.400000000000000000e+01 1.330000000000000000e+02 1.980340629816055298e-01
5.800000000000000000e+01 1.350000000000000000e+02 6.000000000000000000e+01 1.360000000000000000e+02 2.714711725711822510e-01
5.800000000000000000e+01 1.350000000000000000e+02 7.400000000000000000e+01 1.210000000000000000e+02 9.455511569976806641e-01
5.800000000000000000e+01 7.700000000000000000e+01 5.800000000000000000e+01 1.040000000000000000e+02 2.944790601730346680e+00
6.000000000000000000e+01 3.000000000000000000e+01 7.000000000000000000e+01 3.000000000000000000e+00 1.067869186401367188e+00
7.000000000000000000e+01 2.800000000000000000e+01 5.500000000000000000e+01 3.100000000000000000e+01 2.090538024902343750e+00
7.000000000000000000e+01 2.800000000000000000e+01 6.800000000000000000e+01 1.000000000000000000e+01 8.998502492904663086e-01
7.000000000000000000e+01 2.800000000000000000e+01 9.000000000000000000e+01 2.700000000000000000e+01 1.025539517402648926e+00
7.200000000000000000e+01 7.500000000000000000e+01 6.000000000000000000e+01 7.000000000000000000e+01 5.926670551300048828e+00
7.200000000000000000e+01 7.500000000000000000e+01 6.800000000000000000e+01 7.100000000000000000e+01 4.564512252807617188e+00
8.900000000000000000e+01 1.490000000000000000e+02 8.000000000000000000e+01 1.310000000000000000e+02 1.321904540061950684e+00
8.900000000000000000e+01 1.490000000000000000e+02 8.200000000000000000e+01 1.570000000000000000e+02 9.305030107498168945e-01
8.900000000000000000e+01 1.490000000000000000e+02 1.100000000000000000e+02 1.540000000000000000e+02 2.840326130390167236e-01
8.900000000000000000e+01 1.490000000000000000e+02 1.060000000000000000e+02 1.470000000000000000e+02 4.388947188854217529e-01
1.020000000000000000e+02 8.400000000000000000e+01 8.500000000000000000e+01 8.400000000000000000e+01 3.412086486816406250e+00
1.020000000000000000e+02 8.400000000000000000e+01 9.000000000000000000e+01 9.100000000000000000e+01 4.436758041381835938e+00
1.020000000000000000e+02 8.400000000000000000e+01 1.000000000000000000e+02 7.700000000000000000e+01 2.452002763748168945e+00
1.020000000000000000e+02 8.400000000000000000e+01 1.100000000000000000e+02 8.700000000000000000e+01 3.502569913864135742e+00
1.020000000000000000e+02 8.400000000000000000e+01 1.200000000000000000e+02 7.100000000000000000e+01 3.481538534164428711e+00
1.030000000000000000e+02 1.450000000000000000e+02 8.900000000000000000e+01 1.350000000000000000e+02 1.273759365081787109e+00
1.030000000000000000e+02 1.450000000000000000e+02 1.080000000000000000e+02 1.250000000000000000e+02 1.215573549270629883e+00
1.030000000000000000e+02 1.450000000000000000e+02 1.200000000000000000e+02 1.290000000000000000e+02 5.152787566184997559e-01
1.090000000000000000e+02 5.000000000000000000e+01 9.000000000000000000e+01 4.000000000000000000e+01 1.017518520355224609e+00
1.090000000000000000e+02 5.000000000000000000e+01 9.600000000000000000e+01 5.600000000000000000e+01 1.545789122581481934e+00
1.090000000000000000e+02 5.000000000000000000e+01 1.070000000000000000e+02 3.500000000000000000e+01 7.216553688049316406e-01
1.160000000000000000e+02 1.470000000000000000e+02 1.200000000000000000e+02 1.290000000000000000e+02 1.248861402273178101e-01
1.210000000000000000e+02 3.000000000000000000e+01 1.070000000000000000e+02 2.700000000000000000e+01 5.854727029800415039e-01
1.210000000000000000e+02 3.000000000000000000e+01 1.320000000000000000e+02 2.800000000000000000e+01 6.274585127830505371e-01
1.310000000000000000e+02 1.200000000000000000e+02 1.300000000000000000e+02 1.040000000000000000e+02 2.343786954879760742e+00
1.310000000000000000e+02 1.200000000000000000e+02 1.480000000000000000e+02 1.180000000000000000e+02 8.690631985664367676e-01
1.340000000000000000e+02 8.500000000000000000e+01 1.200000000000000000e+02 7.100000000000000000e+01 6.306087017059326172e+00
1.340000000000000000e+02 8.500000000000000000e+01 1.220000000000000000e+02 9.100000000000000000e+01 5.335631370544433594e+00
1.390000000000000000e+02 8.600000000000000000e+01 1.440000000000000000e+02 7.400000000000000000e+01 5.170626640319824219e+00
1.390000000000000000e+02 8.600000000000000000e+01 1.500000000000000000e+02 9.800000000000000000e+01 3.912679195404052734e+00
1.390000000000000000e+02 8.600000000000000000e+01 1.580000000000000000e+02 8.600000000000000000e+01 3.693202495574951172e+00
1.400000000000000000e+02 1.110000000000000000e+02 1.800000000000000000e+02 7.100000000000000000e+01 2.378492832183837891e+00
1.490000000000000000e+02 2.200000000000000000e+01 1.470000000000000000e+02 2.300000000000000000e+01 3.613971471786499023e-01
1.490000000000000000e+02 2.200000000000000000e+01 1.470000000000000000e+02 3.000000000000000000e+01 1.387662768363952637e+00
1.490000000000000000e+02 2.200000000000000000e+01 1.520000000000000000e+02 1.000000000000000000e+01 1.728502064943313599e-01
1.590000000000000000e+02 4.800000000000000000e+01 1.470000000000000000e+02 3.600000000000000000e+01 3.459541559219360352e+00
1.590000000000000000e+02 4.800000000000000000e+01 1.500000000000000000e+02 4.500000000000000000e+01 3.492559909820556641e+00
1.590000000000000000e+02 4.800000000000000000e+01 1.600000000000000000e+02 5.700000000000000000e+01 3.459236383438110352e+00
1.680000000000000000e+02 1.230000000000000000e+02 1.730000000000000000e+02 1.380000000000000000e+02 7.482265122234821320e-03
1.680000000000000000e+02 1.230000000000000000e+02 1.780000000000000000e+02 1.040000000000000000e+02 5.187993645668029785e-01
5.800000000000000000e+01 1.130000000000000000e+02 5.900000000000000000e+01 1.180000000000000000e+02 6.531229615211486816e-01
1.410000000000000000e+02 7.700000000000000000e+01 1.360000000000000000e+02 8.400000000000000000e+01 6.171319961547851562e+00
1.750000000000000000e+02 9.800000000000000000e+01 1.670000000000000000e+02 1.010000000000000000e+02 1.098419904708862305e+00
1.190000000000000000e+02 7.800000000000000000e+01 1.270000000000000000e+02 8.500000000000000000e+01 5.882783889770507812e+00
1.300000000000000000e+01 1.250000000000000000e+02 8.000000000000000000e+00 1.350000000000000000e+02 5.946477055549621582e-01
1.010000000000000000e+02 6.300000000000000000e+01 9.800000000000000000e+01 7.100000000000000000e+01 2.704797744750976562e+00
1.490000000000000000e+02 5.600000000000000000e+01 1.580000000000000000e+02 5.200000000000000000e+01 4.102262496948242188e+00
1.690000000000000000e+02 6.000000000000000000e+01 1.600000000000000000e+02 5.600000000000000000e+01 3.422176599502563477e+00
8.100000000000000000e+01 1.300000000000000000e+01 8.400000000000000000e+01 1.900000000000000000e+01 6.510136723518371582e-01
1.600000000000000000e+02 8.100000000000000000e+01 1.800000000000000000e+02 7.800000000000000000e+01 2.072854995727539062e+00
9.900000000000000000e+01 1.110000000000000000e+02 1.080000000000000000e+02 1.040000000000000000e+02 6.685669422149658203e+00
5.700000000000000000e+01 1.390000000000000000e+02 5.800000000000000000e+01 1.350000000000000000e+02 2.344819009304046631e-01
1.420000000000000000e+02 9.400000000000000000e+01 1.440000000000000000e+02 1.060000000000000000e+02 3.160674095153808594e+00
2.000000000000000000e+01 8.100000000000000000e+01 3.100000000000000000e+01 8.200000000000000000e+01 8.683840036392211914e-01
1.240000000000000000e+02 5.400000000000000000e+01 1.210000000000000000e+02 5.000000000000000000e+01 2.488200902938842773e+00
4.000000000000000000e+01 8.900000000000000000e+01 4.900000000000000000e+01 8.700000000000000000e+01 3.837012052536010742e+00
9.900000000000000000e+01 1.410000000000000000e+02 1.080000000000000000e+02 1.350000000000000000e+02 1.137101411819458008e+00
8.100000000000000000e+01 8.100000000000000000e+01 8.200000000000000000e+01 9.100000000000000000e+01 4.140872001647949219e+00
1.020000000000000000e+02 6.000000000000000000e+01 9.200000000000000000e+01 6.200000000000000000e+01 1.938761949539184570e+00
1.450000000000000000e+02 4.700000000000000000e+01 1.370000000000000000e+02 4.100000000000000000e+01 2.452155113220214844e+00
7.600000000000000000e+01 1.130000000000000000e+02 8.200000000000000000e+01 1.220000000000000000e+02 2.905295372009277344e+00
1.380000000000000000e+02 5.000000000000000000e+01 1.480000000000000000e+02 4.900000000000000000e+01 3.699950456619262695e+00
6.000000000000000000e+01 4.700000000000000000e+01 5.000000000000000000e+01 4.600000000000000000e+01 1.437008857727050781e+00
5.500000000000000000e+01 7.800000000000000000e+01 4.900000000000000000e+01 8.700000000000000000e+01 2.711312770843505859e+00
3.600000000000000000e+01 9.900000000000000000e+01 4.600000000000000000e+01 1.010000000000000000e+02 2.387038469314575195e+00
2.600000000000000000e+01 5.700000000000000000e+01 3.100000000000000000e+01 6.500000000000000000e+01 1.836534500122070312e+00
8.700000000000000000e+01 5.700000000000000000e+01 9.000000000000000000e+01 4.800000000000000000e+01 1.506536245346069336e+00
1.590000000000000000e+02 1.100000000000000000e+01 1.600000000000000000e+02 1.900000000000000000e+01 4.712499082088470459e-01
1.290000000000000000e+02 4.300000000000000000e+01 1.250000000000000000e+02 5.200000000000000000e+01 3.249930381774902344e+00
5.900000000000000000e+01 5.300000000000000000e+01 6.000000000000000000e+01 4.500000000000000000e+01 1.328965783119201660e+00
1.060000000000000000e+02 9.800000000000000000e+01 1.000000000000000000e+02 1.050000000000000000e+02 7.025238037109375000e+00
1.130000000000000000e+02 4.500000000000000000e+01 1.220000000000000000e+02 4.200000000000000000e+01 1.242982983589172363e+00
2.000000000000000000e+01 1.210000000000000000e+02 2.000000000000000000e+01 1.150000000000000000e+02 3.386082053184509277e-01
3.300000000000000000e+01 1.700000000000000000e+01 3.200000000000000000e+01 2.300000000000000000e+01 5.485498905181884766e-01
1.560000000000000000e+02 1.000000000000000000e+02 1.610000000000000000e+02 9.600000000000000000e+01 3.212406396865844727e+00
4.900000000000000000e+01 1.240000000000000000e+02 4.300000000000000000e+01 1.250000000000000000e+02 2.529443502426147461e-01
7.600000000000000000e+01 1.000000000000000000e+02 8.300000000000000000e+01 1.010000000000000000e+02 7.819271087646484375e+00
1.460000000000000000e+02 2.900000000000000000e+01 1.400000000000000000e+02 2.700000000000000000e+01 1.198021292686462402e+00
5.600000000000000000e+01 1.120000000000000000e+02 6.300000000000000000e+01 1.050000000000000000e+02 1.049039483070373535e+00
1.900000000000000000e+01 5.900000000000000000e+01 2.100000000000000000e+01 5.900000000000000000e+01 7.170242667198181152e-01
2.000000000000000000e+01 2.500000000000000000e+01 2.600000000000000000e+01 3.200000000000000000e+01 5.693898797035217285e-01
2.400000000000000000e+01 4.800000000000000000e+01 2.500000000000000000e+01 4.500000000000000000e+01 6.347316503524780273e-01
1.680000000000000000e+02 1.210000000000000000e+02 1.670000000000000000e+02 1.150000000000000000e+02 2.818423807621002197e-01
1.250000000000000000e+02 1.210000000000000000e+02 1.300000000000000000e+02 1.210000000000000000e+02 1.479331731796264648e+00
1.610000000000000000e+02 2.100000000000000000e+01 1.600000000000000000e+02 1.600000000000000000e+01 5.887905359268188477e-01
1.050000000000000000e+02 1.300000000000000000e+01 1.040000000000000000e+02 1.700000000000000000e+01 4.547334313392639160e-01
7.800000000000000000e+01 1.400000000000000000e+01 8.100000000000000000e+01 9.000000000000000000e+00 5.502899289131164551e-01
